LAMENTATIONS. mom.

chapter.. Vena. Pmorthln Book. 0111111971. ἓιὸοοίίὴίι Book.
1. 12. 94. 11. . .

DANIEL. ΖΕΟΗΔΒΙΔΗ.
111. 14. 30. ix. 9. 35.

ΗΟΕΕΔ.
11. 16-19. 38.
1111. 14. 35.

APOCRYPHA.

WISDOM. EchEsusTIcus (mimi).

111. 24. 105,107, 109. 11111120 Vulq. 88.

xlvii. ll. 112.
ECOLESIASTICUS.

xxiv. 3, 9. 11. BARUGH.
xxiv.8. 11. 11131. 184.

171117 TESTAMENT.

ST. MATTHEW. ΒΤ. JOHN.

1. 1. 98. 1. l. 31.
11. 3, 9. 93. 1. 3. 5.
1. 37. 116. i. 11. 33.

vi. 9. 13. 114. 31111114.
41111. 199. i. ³0.

1111111114. ii. 4. .
111. 17. 26. 11. 19.
111. 23. 89. iii. 0.
1111. 32. 128. iii. 29.
xxii. 41. 6,16. 11. 34.
xxvi. 12. 39. 1. 27.
11111. 46. 72, 96. 1. 39.
viii. 51.
ST. MARK. viii, 56, .
11. 28. 76. 1. 27, 29. 15.
1. 30, 4,15,18,114.
ST. LUKR x. 33. 84.
1. 31. 98. x. 34. 14.
1. 51. 226. x. 35, 36. 73, 74, 80.
1. 79. 30. 111. 13. 30.
11. 6, 7. 98. xii. 34. 14.

1141. 157. 11115. 40,109.
1151. 103. xiv. 1. 41.

111. 22, 26. 23, 33. xiv. 24. 113.

11111. 43. 22, 31. 111. 29. 4,18,27,41,96,
xxiv. 39. 93. 115, 206.

 

