260

Pago 01

INDEX 11.

mm· 0101010108οο where 100011. 1111. Vol. Μ.

83.

88.
88.
89.
90.
94,
94.
94.
95.
96.
96.
96.
100.
101.
103.
108.
110.
111.
113.
113.
113.
114,
116.
117.
118.
119.
119.
122.
126.
127.
127.
129.
132,
139.
143.
144.
151.
162,
153.
153.
167.

163.
167.
167.

110 111. 101 2. 110111111011101. (imerii
auctoris) 112 vi. App. 256,

1101010 1101. 27. 110101011011810οω130 i. 757.
110111. 101, 2. 11011111. 101111011 11100256.
11001111. 14, 1001111. 22. 11. 205.
ἓοἶο10410109. 11010101101131011001131. ν11111.
0011, .

DeQuest.Vet.etN0v.T.59.

Euchir. 29. 11101111. 38, 11211.
80101000 vig. Epiph.

,, Domini in Monte.

000110 Max. 0011110 1100111110. ii. 14, 7. 1111707,
1101101011. 11011111101111011. 1114110256.
110 Her. 44. 110 Ηο10011100, 44. 1111 13.
Sermo 11011110. 801100, 230, v. App. 383.

Ome. 43. , 11001. 10 10. 111. xliii. 16. 111. 11. 688.

010111. n0132n.1.’'⁶‚10.¹²¹”'⁵‘mii}
Contra Max. 1. 0001101101110110,1, 5, 1111681.
0001010. 12. 0001000101011, i. 212.
110110011.(1111.31. 1111110011.01111111.,1131,48,111,188,
11101, 01110110. Ad 1011010000, xii. 1111100411,

(1000070, 1101111. (100001000011, 73. 1164, i

11101, ad 10110. Ad Felicianum‚ xii. 1111. App. 46,
1101110, l. 110111011010,11111 28, viii. 767.
11101111. 40, 1001111, 52, vi. 215,

11101, 01110110, Ad 1011010000 xi. 1011 App. 45, ,
110 (1011111010 An. 110 (1000111010 Animae. 1,

0010. 19, , 11001.1010.Ε1,1110.15, 11111445,
,, 48. ,, ,, ,, 11111111. 11111586.
110 (100111010111011122 000011. cxxii. 111, ii. App. 1115.

Ome. 19. 11001. 1010, 11, cxix. mii. 802.
11001111. 29, 11001111. 38, 11. 211.
111000. Fid. 801010 (110 Fide 0011101.

incerti auctoris) 233. 1, App. 383.

110 1110. 7, 9. 110 ’1110111 6. 11, 1111000, 3

11001111. 29. Enchir. 38. 11. 210.
11011011. 80001. 110 1101101110. 8000101, xv. x. 809.

 

